run_18/perf_mdrun_100000.out:   13928.100164056 seconds time elapsed
run_211/perf_mdrun_100000.out:    7797.549681962 seconds time elapsed
run_212/perf_mdrun_100000.out:    7560.245475842 seconds time elapsed
run_332/perf_mdrun_100000.out:   13095.505913090 seconds time elapsed
run_708/perf_mdrun_100000.out:   12901.655120826 seconds time elapsed
