run_18/perf_mdrun_100000.out:   13796418.552925 task-clock                #    0.991 CPUs utilized          
run_211/perf_mdrun_100000.out:    7782700.806429 task-clock                #    0.998 CPUs utilized          
run_212/perf_mdrun_100000.out:    7544134.645346 task-clock                #    0.998 CPUs utilized          
run_332/perf_mdrun_100000.out:   13040515.437545 task-clock                #    0.996 CPUs utilized          
run_708/perf_mdrun_100000.out:   12833164.394871 task-clock                #    0.995 CPUs utilized          
